20	97.347
20.290906698750476	97.3974239958634
20.586044732869844	97.4304649257326
20.885475648548283	97.44532219693225
21.189261887185914	97.44214318769356
21.49746679841394	97.43405065915837
21.810154653305165	97.42825389006317
22.12739065777668	97.44223582268882
22.449240966187475	97.46790889624619
22.77577269513385	97.50785035320192
23.107053937445478	97.54948966766753
23.44315377638505	97.58440670593102
23.784142300054445	97.608127826503
24.130090616010463	97.62477000515374
24.481070866093134	97.636884806224
24.837156241469714	97.64857185662184
25.1984209978975	97.65846447245269
25.56494047120865	97.6646494088356
25.936791093020236	97.66802593556798
26.3140504066728	97.67304132764903
26.69679708340074	97.69029981771254
27.08511093873791	97.71904289454764
27.47907294916184	97.75411653821591
27.878765268980047	97.78172591613881
28.284271247461966	97.79411688245432
28.695675446220072	97.79917405267732
29.11306365684382	97.80484416433269
29.536522918790062	97.81975310010192
29.966141537533712	97.84037479380162
30.402009102982383	97.85501339397524
30.844216508158908	97.85591838098476
31.29285596815558	97.85303572015923
31.74802103936409	97.85497625247237
32.20980663898519	97.86345497261361
32.67830906482211	97.87492279942609
33.153626015361866	97.88415076421506
33.63585661014871	97.89090199254208
34.125101410453844	97.89850202820908
34.62146244024586	97.90818632392443
35.12504320746613	97.9157502592448
35.635948725613716	97.91827189745123
36.15428553564419	97.91961714214257
36.68016172818701	97.92280161728188
37.21368696608603	97.92941899145738
37.754972507267915	97.93946368877904
38.30413122794313	97.95066608364709
38.86127764614443	97.9578063842387
39.4265279456077	97.96063263926884
40.000000000000206	97.96
40.58181339750116	97.96096969222815
41.1720894657399	97.96386044302648
41.77095129709678	97.9716126960036
42.37852377437204	97.98026462782727
42.9949335968281	97.98364978415538
43.62030930661056	97.9770625505991
44.25478131555359	97.97203728912135
44.89848193237519	97.97432321062654
45.55154539026795	97.97655818300031
46.21410787489121	97.97081190770781
46.88630755277036	97.96226021346166
47.56828460010916	97.957
48.260181232021196	97.95820360464042
48.962141732186545	97.97598766940686
49.674312482939705	97.99465748529748
50.39684199579528	97.99205525639265
51.129880942417586	97.97934488906586
51.873582186040764	97.97139893577562
52.628100813345895	97.96785949825764
53.393594166801776	97.96255604673554
54.17022187747612	97.95318222023649
54.95814589832399	97.94538202717811
55.75753053796041	97.95654443028465
56.56854249492426	97.95517749006092
57.39135089244048	97.93904217501166
58.226127313687975	97.92674867358744
59.073045837580466	97.9422695416242
59.932283075067765	97.93367716924934
60.804018205965114	97.9250057417146
61.68843301631817	97.92492324144499
62.58571193631152	97.92296427854613
63.49604207872855	97.92648021039365
64.41961327797075	97.92018812116261
65.35661812964459	97.90621690935178
66.3072520307241	97.90084923578493
67.27171322029778	97.89246772813613
68.25020282090806	97.883
69.2429248804921	97.88105660095606
70.25008641493265	97.875
71.27189745122783	97.87092153823158
72.30857107128878	97.85506286285938
73.36032345637442	97.844
74.42737393217246	97.83801676494959
75.50994501453623	97.8244755818648
76.60826245588666	97.80757851122144
77.72255529228926	97.78922554778701
78.85305589121582	97.79920420464227
80.00000000000082	97.78199999999998
81.16362679500274	97.77036370295923
82.34417893148023	97.75855820708934
83.541902594194	97.74337515136403
84.75704754874454	97.72963199146858
85.98986719365665	97.71957597748752
87.24061861322157	97.7091947605156
88.50956263110764	97.69491074877632
89.79696386475084	97.68289500392899
91.10309078053635	97.66813057538685
92.42821574978288	97.65377305937221
93.77261510554118	97.63929494587506
95.13656920021877	97.62363430458358
96.52036246404286	97.60708557431249
97.92428346437356	97.5847571751474
99.34862496587989	97.57005658051108
100.79368399159105	97.55347579210091
102.25976188483567	97.53537634945874
103.74716437208203	97.51799467887815
105.25620162669229	97.49815698954585
106.78718833360406	97.47807853221916
108.34044375495276	97.45823378743066
109.9162917966485	97.4364009720473
111.51506107592134	97.41654215121497
113.13708498984903	97.39520717924013
114.78270178488147	97.36962164597276
116.45225462737648	97.34421615088411
118.14609167516147	97.32068484020583
119.86456615013608	97.28168865866127
121.60803641193078	97.27220026408484
123.3768660326369	97.254674815399
125.17142387262359	97.22725721803802
126.99208415745765	97.19812665348068
128.83922655594208	97.17025082821681
130.71323625928977	97.14401469236994
132.61450406144883	97.11624617892464
134.5434264405962	97.08194661084897
136.50040564181674	97.05124695768639
138.48584976098482	97.03149762918277
140.50017282986593	96.99849775321174
142.5437949024563	96.97193066626807
144.61714214257822	96.93931715464747
146.7206469127495	96.90134009680541
148.8547478643456	96.86261453844178
151.01989002907314	96.82445789149995
153.216524911774	96.78581594162337
155.4451105845792	96.74480996524375
157.70611178243232	96.70419687975891
160.00000000000236	96.67299999999997
162.3272535900062	96.65065836553595
164.6883578629612	96.63061779395113
167.08380518838874	96.61633069094502
169.51409509748981	96.59788723922007
171.97973438731407	96.57816212490148
174.4812372264439	96.55339513284498
177.01912526221608	96.52700109727296
179.5939277295025	96.49017229851155
182.20618156107355	96.45664334864269
184.85643149956664	96.42000995900608
187.54523021108326	96.38140296121371
190.27313840043846	96.34484829631334
193.04072492808663	96.30516017077667
195.84856692874806	96.27212006299753
198.69724993176072	96.23128070100994
201.58736798318304	96.18924772557438
204.5195237696723	96.14722015930137
207.49432874416505	96.1045812880003
210.5124032533856	96.0618263544526
213.57437666720915	96.01738434999186
216.68088750990657	95.97681868424868
219.83258359329807	95.93159495430388
223.03012215184378	95.88733582041215
226.2741699796992	95.84140356362431
229.5654035697641	95.7950843500233
232.90450925475412	95.74736870068185
236.2921833503241	95.69883638725788
239.72913230027333	95.64985986472111
243.21607282386276	95.60692096225995
246.75373206527502	95.55650931806983
250.34284774524843	95.50745726737546
253.9841683149166	95.45920976982735
257.67845311188546	95.40934088298955
261.42647251858085	95.36131247538809
265.22900812289896	95.31065266674028
269.08685288119375	95.27092881446528
273.0008112836349	95.22324046741728
276.97169952197106	95.17658253061684
281.00034565973334	95.12959605947904
285.0875898049141	95.08293140438005
289.23428428515797	95.03234173172108
293.44129382550057	94.9823927328591
297.7094957286928	94.93256984954716
302.0397800581479	94.87999280425862
306.4330498235497	94.8241813689017
310.89022116916016	94.77420756713923
315.41222356486645	94.71954798549945
320.00000000000654	94.66999999999993
324.6545071800142	94.61880042101984
329.3767157259242	94.5686068133052
334.16761037677935	94.51198867547865
339.02819019498156	94.46010682197219
343.95946877463007	94.40565394972415
348.9624744528898	94.3512052759088
354.03825052443415	94.29961749475567
359.187855459007	94.24728387431813
364.4123631221491	94.19487636877851
369.71286299913527	94.14281394260847
375.0904604221685	94.08913416453068
380.54627680087896	94.03691420776302
386.08144985617537	93.98136921146701
391.6971338574982	93.93207436221127
397.3944998635236	93.88197060125559
403.1747359663683	93.82942737630269
409.0390475393468	93.77766158799233
414.9886574883323	93.72560019218639
421.0248065067734	93.67523366316107
427.1487533344206	93.62573559665744
433.3617750198154	93.57410579984148
439.6651671865984	93.52482087701576
446.06024430368984	93.47654816772233
452.54833995940066	93.42763261630856
459.13080713953053	93.3777238888007
465.8090185095106	93.33060654326992
472.58436670065066	93.28521925215279
479.45826460054917	93.23970283262496
486.432145647728	93.19552069698408
493.50746413055253	93.15202557748376
500.6856954904994	93.10948581061119
507.9683366298358	93.0721622747721
515.3569062237735	93.03285856265735
522.8529450371643	92.98638967596197
530.4580162458005	92.9250457888046
538.1737057623901	92.8240966322572
546.0016225672724	92.69697890662545
553.9433990439449	92.60223818324597
562.0006913194694	92.53879612861097
570.1751796098309	92.49300147622397
578.4685685703187	92.44572915914918
586.8825876510039	92.39570447409398
595.4189914573883	92.35153074015027
604.0795601162986	92.31419170454934
612.8660996471021	92.28509685815114
621.780442338323	92.25575276912575
630.8244471297356	92.22860910332376
640.0000000000159	92.20199999999996
649.3090143600314	92.17779656266391
658.7534314518515	92.14273696048296
668.3352207535618	92.11549490396538
678.0563803899662	92.0852195827521
687.9189375492632	92.0584107623719
697.9249489057827	92.03081014306382
708.0765010488715	92.00238579706316
718.3757109180171	91.97773586488856
728.8247262443015	91.9537031296381
739.425725998274	91.93591883840277
750.1809208443404	91.91674369547052
761.0925536017613	91.90128554906417
772.1628997123541	91.88514653118963
783.3942677149998	91.87454287098846
794.7889997270506	91.86534250022746
806.34947193274	91.85994175467788
818.0780950786972	91.85853245422472
829.9773149766683	91.86029722229692
842.0496130135506	91.86636227425791
854.2975066688449	91.87637188333605
866.7235500396347	91.89290365005793
879.3303343732008	91.91236156843443
892.1204886073838	91.93861447341722
905.0966799188055	91.96974169979701
918.2616142790653	92.00530318020034
931.6180370190256	92.04689043013985
945.1687334013056	92.0948827502549
958.9165292011028	92.15089524910469
972.8642912954606	92.21330716818709
987.0149282611097	92.28307464130555
1001.3713909810035	92.35649693736282
1015.9366732596762	92.4364951497901
1030.7138124475518	92.5235887943057
1045.7058900743334	92.62030152174245
1060.916032491606	92.72141222744125
1076.3474115247852	92.82889291606358
1092.0032451345498	92.93327312158367
1107.8867980878947	93.04647712919925
1124.0013826389438	93.16100967847261
1140.350359219667	93.2764318308792
1156.9371371406426	93.39687528439998
1173.765175302013	93.5153562271141
1190.837982914782	93.6336153439133
1208.1591202326028	93.75234272725943
1225.73219929421	93.86812281447679
1243.5608846766518	93.9835034790273
1261.648894259477	94.09799973735939
1280.0000000000375	94.20300000000022
1298.6180287200684	94.30672901715467
1317.5068629037087	94.4100329419378
1336.6704415071292	94.50201811923422
1356.112760779938	94.5945356137047
1375.8378750985323	94.67714339414906
1395.8498978115715	94.75343711679339
1416.153002097749	94.82499707393887
1436.7514218360407	94.89696754751795
1457.6494524886093	94.98347117484123
1478.8514519965543	95.10458190637173
1500.3618416886875	95.28141578554121
1522.1851072035295	95.48742741200131
1544.3257994247153	95.65778394771988
1566.788535430007	95.78461421856723
1589.5779994541087	95.87906391801296
1612.6989438654878	95.95154112731413
1636.156190157402	96.01266735159035
1659.9546299533442	96.06929837109548
1684.099226027109	96.13029767808132
1708.5950133376978	96.21959986455445
1733.4471000792773	96.36117065658348
1758.6606687464096	96.55713532446927
1784.2409772147755	96.76390467503498
1810.193359837619	96.93059773676211
1836.5232285581387	97.04710083538232
1863.2360740380593	97.12629602065286
1890.3374668026197	97.18506143493313
1917.833058402214	97.23253289344353
1945.7285825909298	97.27799487544912
1974.0298565222283	97.34459404417512
2002.7427819620161	97.44315966669826
2031.8733465193618	97.57124360654153
2061.4276248951132	97.6835690622378
2091.411780148677	97.75598824610407
2121.832064983222	97.77609160324916
2152.694823049581	97.77382629423761
2184.0064902691106	97.76980454318837
2215.7735961758003	97.83029248804938
2248.002765277899	97.95855149199154
2280.7007184393456	98.18824905690012
2313.874274281297	98.44559458130036
2347.530350604038	98.67760989884572
2381.6759658295764	98.86321223256493
2416.318240465218	99.0079380762329
2451.4643985884327	99.08995286763562
2487.1217693533167	99.13640959241798
2523.2977885189675	99.17770468036169
2560.0000000000887	99.25050000000023
2597.236057440151	99.3588789895525
2635.0137258074315	99.47453705968006
2673.340883014273	99.55117836867213
2712.225521559891	99.59033531293593
2751.6757501970797	99.59658378750984
2791.699795623158	99.59066004087536
2832.3060041955137	99.57866207865743
2873.502843672097	99.56218869191083
2915.2989049772345	99.5417385913123
2957.7029039931244	99.51884043184371
3000.723683377391	99.49572861873348
3044.370214407075	99.48056297855929
3088.6515988494466	99.48079773982741
3133.57707086003	99.49460968188701
3179.1559989082334	99.5183273593886
3225.3978877309914	99.54676260590246
3272.3123803148205	99.57683367579519
3319.9092599067053	99.60634374114215
3368.198452054235	99.63446319506821
3417.190026675413	99.65959501333771
3466.8942001585724	99.68005460803806
3517.3213374928373	99.67587506375502
3568.4819544295697	99.53915116071386
3620.386719675257	99.0200356883764
3673.0464571162966	98.89415778588678
3726.472148076138	99.56689813853052
3780.6749336052594	99.93602578782819
3835.6661168044484	100.14191200266676
3891.45716518188	100.26120896624442
3948.059713044477	100.35672576576255
4005.4855639240527	100.42257130327005
4063.746693038744	100.46943623233152
4122.855249790247	100.49114276248952
4182.823560297375	100.49299158560808
4243.664129966465	100.47126281072626
4305.389646099183	100.42653460465729
4368.012980538242	100.35725195539
4431.5471923516225	100.25916222905246
4496.00553055582	100.13865606643468
4561.401436878714	99.98570475343656
4627.748548562617	99.80688349678819
4695.060701208099	99.60086938026447
4763.351931659176	99.36974230414613
4832.63648093046	99.11647591322703
4902.928797176889	98.83987357712772
4974.243538706657	98.54731858872226
5046.595577037959	98.24080390816272
5120.000000000202	97.9254285714277
5194.472114880326	97.60222864230715
5270.027451614888	97.2746312717656
5346.6817660285715	96.94952010475535
5424.451043119808	96.62648069340537
5503.351500394186	96.31064265558864
5583.399591246343	96.0040815532639
5664.612008391055	95.71744245096696
5747.005687344222	95.4436416867516
5830.597809954497	95.18610221972922
5915.405807986278	94.95187200275308
6001.447366754812	94.74488816147716
6088.740428814181	94.56126613428466
6177.303197698925	94.42133570594716
6267.154141720092	94.31861413859441
6358.3119978165005	94.25259592128826
6450.795775462017	94.22698408449075
6544.624760629676	94.24786613270854
6639.818519813445	94.31840218659666
6736.396904108505	94.44332695369687
6834.380053350861	94.62504272110645
6933.788400317181	94.87131059291349
7034.642674985712	95.18359578919984
7136.963908859177	95.5656609435884
7240.773439350552	96.02048930570213
7346.092914232631	96.54913616200226
7452.944296152315	97.14990079026018
7561.349867210557	97.82779663465546
7671.332233608935	98.56261295855982
7782.914330363799	99.28985212160372
7896.119426088994	99.87995527971506
8010.971127848146	100.10293219792183
8127.49338607753	99.76987469594769
8245.710499580537	98.91598339149137
8365.647120594791	97.74187269258225
8487.328259932974	96.46142604254436
8610.77929219841	95.15735530653846
8736.025961076528	93.880105226591
8863.094384703289	92.67338829155172
8992.011061111683	91.56470487443951
9122.802873757471	90.55983265561237
9255.497097125279	89.65663684898581
9390.121402416245	88.84685049707308
9526.7038633184	88.13171158484896
9665.272961860968	87.4958087995256
9805.857594353829	86.93691266032621
9948.487077413367	86.45654860872834
10093.19115407597	86.05432427376299
10240.000000000457	85.710799999999
10388.944229760706	85.41608849086956
10540.05490322983	85.19505534152715
10693.363532057198	85.02999343277214
10848.902086239672	84.94105459619531
11006.703000788428	84.92566757501972
11166.799182492743	85.00175942774493
11329.224016782166	85.17432553050384
11494.0113746885	85.40496715682183
11661.195619909053	85.7744920227057
11830.811615972614	86.2603211531265
12002.894733509682	86.91556071605609
12177.48085762842	87.71704769220985
12354.606395397908	88.75442970959605
12534.308283440243	89.99589182972991
12716.62399563306	91.49850940116335
12901.591550924093	93.08524170368845
13089.249521259411	94.6465560168783
13279.637039626952	95.266417404429
13472.793808217073	94.60497648796033
13668.760106701786	93.11203990157097
13867.576800634426	91.5184197314131
14069.285349971487	90.20903042214485
14273.927817718419	89.16944668599044
14481.54687870117	88.4769278792069
14692.18582846533	88.10250901137528
14905.888592304698	87.79499151446561
15122.699734421185	87.67190798937685
15342.664467217943	88.0013256352628
15565.828660727671	88.98673247544555
15792.238852178061	90.38530288600052
16021.942255696367	91.16658373503711
16254.986772155136	89.90759757008802
16491.42099916115	87.09119305799238
16731.294241189662	84.17553685016894
16974.65651986603	81.56574226334064
17221.558584396902	79.28347558500096
17472.051922153143	77.39780351446177
17726.188769406665	75.74358236564208
17984.022122223458	74.38250976083806
18245.605747515034	73.19280929020223
18510.99419425065	71.99784542918216
18780.242804832582	70.82506896067713
19053.40772663689	69.66902433741434
19330.545923722028	68.24943035234995
19611.71518870775	66.32777866658803
19896.974154826825	65.336
20186.382308152035	65.336